428
0 0 2.88687e-15 0
1 0 2.73567e-15 0
2 0 4.26702e-15 0
3 0 3.53558e-15 0
4 0 2.88687e-15 0
5 0 2.73567e-15 0
6 0 2.87022e-15 0
7 0 2.71902e-15 0
8 0 4.26702e-15 0
9 0 3.53558e-15 0
10 0 2.71002e-15 0
11 0 2.55882e-15 0
12 0 2.88687e-15 0
13 0 2.73567e-15 0
14 0 2.88687e-15 0
15 0 2.71002e-15 0
16 0 2.73567e-15 0
17 0 2.55882e-15 0
18 0 4.26702e-15 0
19 0 3.53558e-15 0
20 0 2.88687e-15 0
21 0 2.73567e-15 0
22 0 2.71002e-15 0
23 0 2.55882e-15 0
24 0 2.88687e-15 0
25 0 2.73567e-15 0
26 0 2.71002e-15 0
27 0 2.55882e-15 0
28 0 4.26702e-15 0
29 0 2.88687e-15 0
30 0 3.53558e-15 0
31 0 2.73567e-15 0
32 0 2.71002e-15 0
33 0 2.55882e-15 0
34 0 2.90352e-15 0
35 0 2.75232e-15 0
36 0 2.71002e-15 0
37 0 2.55882e-15 0
38 0 2.88687e-15 0
39 0 4.26702e-15 0
40 0 2.73567e-15 0
41 0 3.53558e-15 0
42 0 2.71002e-15 0
43 0 2.88687e-15 0
44 0 2.55882e-15 0
45 0 2.73567e-15 0
46 0 2.88687e-15 0
47 0 2.71002e-15 0
48 0 2.73567e-15 0
49 0 2.55882e-15 0
50 0 4.26702e-15 0
51 0 3.53558e-15 0
52 0 2.88687e-15 0
53 0 2.73567e-15 0
54 0 2.71002e-15 0
55 0 2.55882e-15 0
56 0 2.88687e-15 0
57 0 2.73567e-15 0
58 0 4.26702e-15 0
59 0 3.53558e-15 0
60 0 2.87022e-15 0
61 0 2.71902e-15 0
62 0 2.88687e-15 0
63 0 2.73567e-15 0
64 0 4.26702e-15 0
65 0 3.53558e-15 0
66 0 2.88687e-15 0
67 0 2.73567e-15 0
68 0 7.21417e-13 0
69 0 9.8833e-15 0
70 0 4.96302e-13 0
71 0 1.53084e-15 0
72 0 1.37799e-15 0
73 0 7.96792e-15 0
74 0 3.86801e-15 0
75 0 8.36178e-14 0
76 0 4.29381e-15 0
77 0 9.55824e-15 0
78 0 6.15272e-14 0
79 0 4.22889e-15 0
80 0 9.8833e-15 0
81 0 5.58603e-15 0
82 0 7.09293e-15 0
83 0 1.30663e-14 0
84 0 4.29562e-14 0
85 0 1.14906e-14 0
86 0 8.5902e-15 0
87 0 1.4304e-14 0
88 0 5.74294e-15 0
89 0 1.53084e-15 0
90 0 1.78219e-14 0
91 0 1.37799e-15 0
92 0 7.96792e-15 0
93 0 1.77211e-14 0
94 0 3.86801e-15 0
95 0 7.5028e-15 0
96 0 9.15761e-15 0
97 0 2.80917e-15 0
98 0 4.04868e-15 0
99 0 5.49111e-15 0
100 0 4.40251e-14 0
101 0 9.87153e-15 0
102 0 5.49e-14 0
103 0 1.53084e-15 0
104 0 1.37799e-15 0
105 0 7.96792e-15 0
106 0 3.86801e-15 0
107 0 6.56322e-14 0
108 0 9.23481e-15 0
109 0 9.55824e-15 0
110 0 4.29381e-15 0
111 0 9.8833e-15 0
112 0 5.58603e-15 0
113 0 7.09293e-15 0
114 0 1.30663e-14 0
115 0 1.53084e-15 0
116 0 4.7407e-14 0
117 0 4.22889e-15 0
118 0 4.32667e-14 0
119 0 8.5902e-15 0
120 0 1.4304e-14 0
121 0 1.37799e-15 0
122 0 7.63696e-15 0
123 0 1.14906e-14 0
124 0 5.74294e-15 0
125 0 1.53084e-15 0
126 0 3.86801e-15 0
127 0 1.78219e-14 0
128 0 1.37799e-15 0
129 0 7.96792e-15 0
130 0 3.86801e-15 0
131 0 1.77211e-14 0
132 0 7.5028e-15 0
133 0 5.06001e-14 0
134 0 9.15761e-15 0
135 0 7.51007e-15 0
136 0 2.80917e-15 0
137 0 4.04868e-15 0
138 0 5.49111e-15 0
139 0 4.94768e-14 0
140 0 2.01495e-14 0
141 0 9.8833e-15 0
142 0 9.23481e-15 0
143 0 5.47588e-14 0
144 0 3.20415e-14 0
145 0 1.53084e-15 0
146 0 1.53084e-15 0
147 0 5.14771e-14 0
148 0 1.37799e-15 0
149 0 7.96792e-15 0
150 0 1.37799e-15 0
151 0 7.63696e-15 0
152 0 1.55865e-14 0
153 0 1.88586e-14 0
154 0 3.86801e-15 0
155 0 3.86801e-15 0
156 0 3.31924e-14 0
157 0 2.21993e-14 0
158 0 6.89359e-14 0
159 0 4.00812e-14 0
160 0 9.55824e-15 0
161 0 9.8833e-15 0
162 0 1.24393e-13 0
163 0 5.58603e-15 0
164 0 7.09293e-15 0
165 0 4.29381e-15 0
166 0 1.30663e-14 0
167 0 4.34967e-14 0
168 0 8.5902e-15 0
169 0 1.4304e-14 0
170 0 9.23481e-15 0
171 0 3.67136e-14 0
172 0 4.22889e-15 0
173 0 1.53084e-15 0
174 0 5.74294e-15 0
175 0 1.14906e-14 0
176 0 1.37799e-15 0
177 0 7.96792e-15 0
178 0 1.78219e-14 0
179 0 1.53084e-15 0
180 0 3.86801e-15 0
181 0 1.77211e-14 0
182 0 1.37799e-15 0
183 0 7.63696e-15 0
184 0 3.86801e-15 0
185 0 7.5028e-15 0
186 0 9.15761e-15 0
187 0 2.80917e-15 0
188 0 4.04868e-15 0
189 0 5.49111e-15 0
190 0 4.27177e-14 0
191 0 9.8833e-15 0
192 0 5.46109e-14 0
193 0 1.53084e-15 0
194 0 9.2348e-15 0
195 0 1.37799e-15 0
196 0 7.96792e-15 0
197 0 3.86801e-15 0
198 0 1.53084e-15 0
199 0 1.37799e-15 0
200 0 7.63696e-15 0
201 0 8.65588e-14 0
202 0 3.86801e-15 0
203 0 9.55824e-15 0
204 0 9.8833e-15 0
205 0 5.58603e-15 0
206 0 7.09293e-15 0
207 0 1.30663e-14 0
208 0 4.39113e-14 0
209 0 4.29381e-15 0
210 0 8.5902e-15 0
211 0 1.4304e-14 0
212 0 1.53084e-15 0
213 0 5.74294e-15 0
214 0 4.76739e-14 0
215 0 4.22889e-15 0
216 0 1.37799e-15 0
217 0 7.96792e-15 0
218 0 1.78219e-14 0
219 0 1.14906e-14 0
220 0 3.86801e-15 0
221 0 1.77211e-14 0
222 0 9.2348e-15 0
223 0 7.5028e-15 0
224 0 1.53084e-15 0
225 0 9.15761e-15 0
226 0 2.80917e-15 0
227 0 4.04868e-15 0
228 0 5.49111e-15 0
229 0 1.37799e-15 0
230 0 7.63696e-15 0
231 0 3.86801e-15 0
232 0 9.89505e-15 0
233 0 7.0185e-14 0
234 0 5.42271e-14 0
235 0 1.53084e-15 0
236 0 1.37799e-15 0
237 0 7.96792e-15 0
238 0 3.86801e-15 0
239 0 9.2348e-15 0
240 0 8.27727e-14 0
241 0 1.53084e-15 0
242 0 9.8833e-15 0
243 0 9.55824e-15 0
244 0 4.47462e-14 0
245 0 1.37799e-15 0
246 0 7.63696e-15 0
247 0 5.58603e-15 0
248 0 7.09293e-15 0
249 0 1.30663e-14 0
250 0 3.86801e-15 0
251 0 1.53084e-15 0
252 0 8.5902e-15 0
253 0 1.4304e-14 0
254 0 5.74294e-15 0
255 0 1.37799e-15 0
256 0 7.96792e-15 0
257 0 4.29381e-15 0
258 0 3.86801e-15 0
259 0 1.78219e-14 0
260 0 5.39512e-14 0
261 0 4.22889e-15 0
262 0 1.77211e-14 0
263 0 1.14906e-14 0
264 0 7.5028e-15 0
265 0 9.15761e-15 0
266 0 9.2348e-15 0
267 0 2.80917e-15 0
268 0 4.04868e-15 0
269 0 5.49111e-15 0
270 0 9.8833e-15 0
271 0 4.64241e-14 0
272 0 5.31693e-14 0
273 0 1.53084e-15 0
274 0 1.53084e-15 0
275 0 1.37799e-15 0
276 0 7.63696e-15 0
277 0 1.37799e-15 0
278 0 7.96792e-15 0
279 0 3.86801e-15 0
280 0 3.86801e-15 0
281 0 7.17119e-14 0
282 0 9.8833e-15 0
283 0 9.55824e-15 0
284 0 9.2348e-15 0
285 0 4.50324e-14 0
286 0 5.58603e-15 0
287 0 7.09293e-15 0
288 0 1.30663e-14 0
289 0 1.53084e-15 0
290 0 8.5902e-15 0
291 0 1.4304e-14 0
292 0 1.53084e-15 0
293 0 1.37799e-15 0
294 0 7.96792e-15 0
295 0 5.74294e-15 0
296 0 1.37799e-15 0
297 0 7.63696e-15 0
298 0 3.86801e-15 0
299 0 4.29381e-15 0
300 0 1.78219e-14 0
301 0 3.86801e-15 0
302 0 6.08113e-14 0
303 0 4.22889e-15 0
304 0 1.77211e-14 0
305 0 1.14906e-14 0
306 0 7.5028e-15 0
307 0 9.15761e-15 0
308 0 2.80917e-15 0
309 0 4.04868e-15 0
310 0 5.49111e-15 0
311 0 9.8833e-15 0
312 0 4.02887e-14 0
313 0 5.28691e-14 0
314 0 2.238e-14 0
315 0 7.58679e-15 0
316 0 9.2348e-15 0
317 0 1.53084e-15 0
318 0 4.35594e-14 0
319 0 1.37799e-15 0
320 0 7.96792e-15 0
321 0 1.53084e-15 0
322 0 3.42394e-14 0
323 0 3.86801e-15 0
324 0 1.37799e-15 0
325 0 7.63696e-15 0
326 0 5.2834e-14 0
327 0 3.86801e-15 0
328 0 1.55865e-14 0
329 0 2.2707e-14 0
330 0 2.57364e-13 0
331 0 2.67864e-14 0
332 0 6.32899e-14 0
333 0 2.87365e-15 0
334 0 9.8833e-15 0
335 0 2.41761e-14 0
336 0 9.55824e-15 0
337 0 4.51005e-14 0
338 0 4.11708e-14 0
339 0 5.58603e-15 0
340 0 7.09293e-15 0
341 0 1.30663e-14 0
342 0 1.53084e-15 0
343 0 8.5902e-15 0
344 0 1.4304e-14 0
345 0 4.59135e-14 0
346 0 1.37799e-15 0
347 0 7.96792e-15 0
348 0 5.74294e-15 0
349 0 3.86801e-15 0
350 0 1.78219e-14 0
351 0 4.29381e-15 0
352 0 1.77211e-14 0
353 0 7.24715e-14 0
354 0 4.22889e-15 0
355 0 7.5028e-15 0
356 0 1.14906e-14 0
357 0 9.15761e-15 0
358 0 2.80917e-15 0
359 0 4.04868e-15 0
360 0 5.49111e-15 0
361 0 9.87153e-15 0
362 0 5.2841e-14 0
363 0 4.01236e-14 0
364 0 1.53084e-15 0
365 0 1.37799e-15 0
366 0 7.96792e-15 0
367 0 3.86801e-15 0
368 0 8.35644e-14 0
369 0 9.8833e-15 0
370 0 9.55824e-15 0
371 0 4.40142e-14 0
372 0 5.58603e-15 0
373 0 7.09293e-15 0
374 0 1.30663e-14 0
375 0 1.53084e-15 0
376 0 8.5902e-15 0
377 0 1.4304e-14 0
378 0 1.37799e-15 0
379 0 7.96792e-15 0
380 0 5.74294e-15 0
381 0 3.86801e-15 0
382 0 1.78219e-14 0
383 0 1.77211e-14 0
384 0 4.29381e-15 0
385 0 8.33561e-14 0
386 0 4.22889e-15 0
387 0 7.50037e-15 0
388 0 1.14906e-14 0
389 0 8.97953e-15 0
390 0 2.80917e-15 0
391 0 4.04868e-15 0
392 0 5.41105e-15 0
393 0 9.8833e-15 0
394 0 5.20775e-14 0
395 0 6.71016e-14 0
396 0 1.53084e-15 0
397 0 1.37799e-15 0
398 0 7.96792e-15 0
399 0 3.86801e-15 0
400 0 9.82029e-15 0
401 0 9.48587e-15 0
402 0 9.73238e-15 0
403 0 1.79755e-14 0
404 0 1.78712e-14 0
405 0 1.78987e-14 0
406 0 1.79499e-14 0
407 0 1.79015e-14 0
408 0 1.79601e-14 0
409 0 1.76211e-14 0
410 0 1.74315e-14 0
411 0 6.12631e-12 0
412 0 9.26823e-13 0
413 0 1.55333e-12 0
414 0 1.75541e-14 0
415 0 9.48382e-15 0
416 0 1.40045e-14 0
417 0 1.79038e-14 0
418 0 1.77502e-14 0
419 0 1.84704e-14 0
420 0 1.81977e-14 0
421 0 9.71312e-15 0
422 0 1.80666e-14 0
423 0 9.44579e-15 0
424 0 1.81743e-14 0
425 0 9.75721e-15 0
426 0 1.76375e-14 0
427 0 9.50894e-15 0
428 0 9.38429e-15 0
